lovuy@LAPTOP-MM1QH09G:~/Desktop/cpiscine/piscine_repository_folders_collection/july-piscine/rush01repository$ ~/.local/bin/norminette rush01_20230723_103000
rush01_20230723_103000/rush01.2.c: OK!
rush01_20230723_103000/rush01.1.c: OK!
rush01_20230723_103000/rush01.3.c: OK!
lovuy@LAPTOP-MM1QH09G:~/Desktop/cpiscine/piscine_repository_folders_collection/july-piscine/rush01repository$ ./main.out "2 3 2 1 2 2 1 3 4 1 2 2 1 4 2 2"
1234
4321
1423
1423

1234
4321
1423
2143

1234
4321
1423
2413

1234
4321
1423
3142

1234
4321
1423
3241

1234
4321
1423
3412

1234
4321
2143
1423

1234
4321
2143
2143

1234
4321
2143
2413

1234
4321
2143
3142

1234
4321
2143
3241

1234
4321
2143
3412

1234
4321
2413
1423

1234
4321
2413
2143

1234
4321
2413
2413

1234
4321
2413
3142

1234
4321
2413
3241

1234
4321
2413
3412

1234
4321
3142
1423

1234
4321
3142
2143

1234
4321
3142
2413

1234
4321
3142
3142

1234
4321
3142
3241

1234
4321
3142
3412

1234
4321
3241
1423

1234
4321
3241
2143

1234
4321
3241
2413

1234
4321
3241
3142

1234
4321
3241
3241

1234
4321
3241
3412

1234
4321
3412
1423

1234
4321
3412
2143

1234
4321
3412
2413

1234
4321
3412
3142

1234
4321
3412
3241

1234
4321
3412
3412